1024 0.002423
1124 0.001029
1224 0.001075
1324 0.001125
1424 0.001197
1524 0.001350
1624 0.001518
1724 0.001182
1824 0.001160
1924 0.001106
2024 0.001105
2124 0.001097
2224 0.001472
2324 0.001573
2424 0.001166
2524 0.001177
2624 0.001179
2724 0.001235
2824 0.001246
2924 0.001237
3024 0.001260
3124 0.001395
3224 0.001352
3324 0.001379
3424 0.001364
3524 0.001610
3624 0.001460
3724 0.001443
3824 0.001490
3924 0.001487
4024 0.002069
4124 0.001651
4224 0.001642
4324 0.001600
4424 0.001656
4524 0.001735
4624 0.001672
4724 0.001760
4824 0.001799
4924 0.001773
5024 0.001816
5124 0.001843
5224 0.001858
5324 0.001907
5424 0.001878
5524 0.001968
5624 0.001999
5724 0.002048
5824 0.002039
5924 0.001992
6024 0.002057
6124 0.002058
6224 0.002069
6324 0.002126
6424 0.002335
6524 0.002203
6624 0.002180
6724 0.002257
6824 0.002227
6924 0.002230
7024 0.002319
7124 0.002249
7224 0.002319
7324 0.002313
7424 0.002358
7524 0.002421
7624 0.002340
7724 0.002398
7824 0.002411
7924 0.002417
8024 0.002427
8124 0.002496
8224 0.002445
8324 0.002694
8424 0.002795
8524 0.002742
8624 0.002647
8724 0.002633
8824 0.002567
8924 0.002614
9024 0.002637
9124 0.002634
9224 0.002642
9324 0.002646
9424 0.002649
9524 0.002673
9624 0.002698
9724 0.002697
9824 0.002688
9924 0.002709
10024 0.002820
10124 0.002742
10224 0.002901
10324 0.003232
10424 0.002837
10524 0.002814
10624 0.002814
10724 0.002811
10824 0.002910
10924 0.003058
11024 0.002976
11124 0.002904
11224 0.002911
11324 0.002921
11424 0.002925
11524 0.002938
11624 0.002948
11724 0.002935
11824 0.003099
11924 0.003278
12024 0.003628
12124 0.003179
12224 0.003061
12324 0.003027
12424 0.003024
12524 0.003042
12624 0.003075
12724 0.003160
12824 0.003353
12924 0.003369
13024 0.003210
13124 0.003126
13224 0.003141
13324 0.003147
13424 0.003147
13524 0.003289
13624 0.003236
13724 0.003251
13824 0.003283
13924 0.003284
14024 0.003301
14124 0.003193
14224 0.003414
14324 0.003758
14424 0.003363
14524 0.003270
14624 0.003265
14724 0.003287
14824 0.003301
14924 0.003321
15024 0.003315
15124 0.003330
15224 0.003317
15324 0.003323
15424 0.003451
15524 0.003485
15624 0.003490
15724 0.003515
15824 0.003485
15924 0.003490
16024 0.003491
16124 0.003456
16224 0.003910
16324 0.003513
16424 0.003459
16524 0.003463
16624 0.003471
16724 0.003510
16824 0.003669
16924 0.003720
17024 0.003757
17124 0.003752
17224 0.003759
17324 0.003698
17424 0.003729
17524 0.003742
17624 0.003749
17724 0.003748
17824 0.003980
17924 0.003895
18024 0.003810
18124 0.003799
18224 0.003811
18324 0.003809
18424 0.003797
18524 0.003800
18624 0.003824
18724 0.003868
18824 0.003885
18924 0.003841
19024 0.003764
19124 0.003750
19224 0.004070
19324 0.003881
19424 0.003894
19524 0.003884
19624 0.003915
19724 0.003956
19824 0.003953
19924 0.003931
20024 0.004010
20124 0.003956
20224 0.003957
20324 0.003941
20424 0.004041
20524 0.004148
20624 0.004067
20724 0.003989
20824 0.004005
20924 0.003997
21024 0.004029
21124 0.004041
21224 0.004106
21324 0.004035
21424 0.004187
21524 0.004050
21624 0.004240
21724 0.004171
21824 0.004076
21924 0.004080
22024 0.004086
22124 0.004147
22224 0.004184
22324 0.004144
22424 0.004112
22524 0.004159
22624 0.004145
22724 0.004364
22824 0.004229
22924 0.004273
23024 0.004193
23124 0.004180
23224 0.004209
23324 0.004227
23424 0.004283
23524 0.004240
23624 0.004387
23724 0.004470
23824 0.004347
23924 0.004246
24024 0.004313
24124 0.004302
24224 0.004442
24324 0.004450
24424 0.004410
24524 0.004430
24624 0.004370
24724 0.004601
24824 0.004365
24924 0.004335
25024 0.004335
25124 0.004348
25224 0.004404
25324 0.004459
25424 0.004443
25524 0.004382
25624 0.004735
25724 0.004471
25824 0.004432
25924 0.004430
26024 0.004388
26124 0.004547
26224 0.004545
26324 0.004697
26424 0.004960
26524 0.004816
26624 0.004645
26724 0.004532
26824 0.004472
26924 0.004603
27024 0.004643
27124 0.004594
27224 0.004743
27324 0.004570
27424 0.004481
27524 0.004566
27624 0.004499
27724 0.004646
27824 0.004607
27924 0.004638
28024 0.004875
28124 0.004659
28224 0.004641
28324 0.004644
28424 0.004681
28524 0.004740
28624 0.004699
28724 0.004759
28824 0.004914
28924 0.004731
29024 0.004836
29124 0.004755
29224 0.004815
29324 0.004746
29424 0.004761
29524 0.005038
29624 0.004748
29724 0.004755
29824 0.005009
29924 0.004887
30024 0.004833
30124 0.005064
30224 0.005065
30324 0.004838
30424 0.005079
30524 0.004840
30624 0.004940
30724 0.004904
30824 0.005113
30924 0.004884
